113
-56
-109
51
-1
-124
103
-36
-46
-26
-9
77
96
-44
-98
63
18
106
27
73
-81
-99
-97
-90
24
30
37
57
55
-127
2
-50
50
-97
-67
-93
-28
57
32
39
-115
-34
-113
1
-56
14
-103
84
-66
-97
-51
65
-102
96
-49
-82
61
-3
-85
70
50
34
104
-63
-28
-29
-31
102
14
92
-48
-50
116
-108
44
-22
-47
-88
-75
72
16
37
-51
-111
-66
-75
-119
87
-64
-2
8
13
65
-57
3
87
-17
92
-90
-123
103
52
-98
89
-19
-46
116
17
97
-23
25
-95
110
-61
-62
65
5
-29
-11
39
10
-22
-28
-106
77
-73
-5
23
-69
-46
-75
7
-42
11
-77
81
98
94
15
125
97
26
-18
-22
66
67
84
87
86
52
61
-88
-125
-120
-23
-25
60
59
119
-118
-80
13
-75
-12
66
39
55
62
58
1
-90
54
-70
-125
91
-88
-13
107
44
-35
-104
-18
-122
98
-109
-94
-67
10
-8
-101
-97
54
55
-44
79
84
-107
-47
81
-90
-35
-125
-31
69
82
108
-119
101
-23
4
-14
-38
-75
90
-5
-36
-93
-2
8
7
103
31
-100
-91
-74
-15
43
48
-74
81
41
19
-77
-84
103
-79
19
29
-97
-88
-116
-43
78
87
-108
-64
-63
-98
25
102
115
-28
115
15
-106
95
-105
42
-16
-113
-115
-17
-24
12
36
68
-31
-126
-28
-35
-58
-6
68
-88
-26
91
29
104
3
48
95
-97
-91
-85
3
-78
-76
-22
64
72
70
122
2
-13
-74
26
-104
18
-10
-63
-84
-10
38
-30
121
67
101
-18
56
-103
-25
27
-37
116
71
100
-2
81
31
-48
27
19
-41
-8
-3
-92
-70
-61
119
-33
79
117
85
-82
-26
-24
-109
111
113
24
-51
-99
-107
-26
-9
-84
1
21
78
52
-1
-103
-114
82
72
17
102
76
29
-110
41
115
-109
-90
-58
78
47
-108
-6
-12
-78
-30
-60
-70
54
25
26
14
122
-56
-38
-93
123
-53
3
-49
68
-51
37
49
6
12
22
-106
107
92
-25
29
40
111
22
-102
-46
83
5
57
-14
60
-85
100
91
-124
-118
-26
-69
-16
-31
80
113
53
34
-101
-98
-69
-90
16
127
-96
-96
101
-6
0
80
41
118
116
121
98
-16
-40
20
116
75
82
70
68
-24
-113
-112
-98
119
80
70
-44
13
38
66
-88
118
121
-39
108
-52
-49
14
104
72
75
6
124
89
116
-68
7
-13
57
-10
7
42
49
120
-127
-1
39
119
35
122
-43
80
40
-7
-16
122
124
-57
101
-71
32
-16
-29
-107
-47
84
-103
11
-28
-5
65
-126
117
-88
93
1
-64
-79
-64
-98
-49
13
81
58
86
-81
12
107
-37
18
73
-70
25
22
65
15
-89
10
-50
105
-43
10
114
-46
-41
-117
-101
-109
37
52
37
-92
33
-16
33
102
-6
65
-43
-108
-47
-41
3
119
27
97
111
90
71
-93
-101
62
-96
-56
-43
-49
116
-6
115
-106
118
49
94
111
97
72
-51
62
-34
86
83
-34
-88
59
28
90
-18
121
116
96
-7
70
-120
-14
14
-33
113
95
-106
30
110
114
124
79
113
-23
-41
64
-34
40
-55
-105
-113
47
-90
104
27
-54
89
7
88
7
4
27
30
-19
-25
-12
78
107
-125
31
19
-113
-1
55
104
-7
-54
-3
-37
-114
-126
-85
-112
113
21
-122
-120
47
38
-77
35
57
-78
75
-28
-104
-13
-78
117
-36
-124
36
-21
85
-57
-112
74
-122
-124
-86
76
-41
-46
60
94
-118
59
-68
-20
-16
27
36
-34
-35
73
-2
99
89
-7
-66
-19
-104
-31
85
125
45
-101
3
32
122
75
109
-71
107
-127
-17
2
100
97
51
-50
119
1
3
-111
-37
18
91
33
-103
-61
-61
-66
-119
-30
-37
81
125
68
56
-15
-68
104
110
-85
-78
87
110
-125
-27
-50
19
-74
43
-97
-9
66
27
85
-117
-88
-63
23
103
-15
-106
-49
-34
-17
-82
-117
-42
-59
52
35
-42
-86
20
28
97
-23
-9
-52
-125
44
116
-65
-87
-5
-124
90
-74
-128
55
-66
82
-115
-90
-17
-123
-32
41
54
-122
-91
-54
-61
-51
60
-7
-105
111
61
-127
-95
-85
-71
-70
39
-64
-61
0
104
2
47
101
-128
45
-102
-93
-117
-7
-85
85
13
-17
-105
102
-110
122
-21
-55
-111
65
-122
106
-106
-76
-28
101
-96
-27
-93
119
-56
-102
63
-79
36
-96
33
116
-21
98
-40
-103
-38
-70
-90
-16
-42
6
62
-20
-46
127
-52
-100
-13
-58
54
-35
-14
-64
-95
-49
-61
-92
56
-123
116
82
40
1
87
-25
-17
95
99
-114
-41
80
-40
-103
-67
-54
34
-48
23
-2
0
8
54
-117
-27
-8
-56
-15
-97
73
-96
72
54
-20
-70
50
23
-80
121
14
113
20
52
110
-32
89
-15
-53
73
-36
112
120
5
-93
108
-43
65
54
29
-59
-92
-80
1
98
51
21
-36
-17
114
-26
-2
13
-52
-13
-60
50
53
113
97
88
14
76
-34
-14
73
-65
96
36
-51
33
-86
51
28
2
-30
59
51
118
-104
32
-78
-79
4
-58
60
-44
-113
-123
33
7
-106
-41
58
-56
106
84
21
-126
-101
-31
82
98
118
36
77
102
-52
59
-2
-73
-11
-83
29
56
21
