11001000
10000000
01111111
11111101
10000000
01111111
01111111
10000000
01111111
11110010
10000000
10000000
10000000
01111111
01111111
00001101
10000000
01111111
10000000
01111111
00011100
01111111
11000100
10000000
10000000
10000000
11111100
00011000
00001110
01111111
01111111
10000000
00110100
10000000
01111111
10000000
10100100
10000000
10000000
01111111
01111001
01111111
10000000
00111110
10000000
01010001
10000000
01111111
10000000
01111111
11101000
10000000
10000000
01111111
10000000
01111111
11011010
10000000
01111111
01111111
10000000
01111111
01100001
11100011
01111111
10000000
11001010
10010000
10000000
01111111
10110001
01111111
10000001
10000000
01111111
10000000
01111111
00111101
00010100
10000000
10000000
01111111
00100001
01111111
00111100
10000000
10101110
10000111
10000000
01111111
10000000
11010010
11100110
11010000
01111111
10000000
10000000
01111111
10000000
01111111
10000000
10000000
01111111
01111111
10000000
01111111
11101100
10000000
01111111
10101010
01111111
10111001
01111111
10000000
01111111
10000011
10000000
01111111
01100011
10010000
10000000
01111111
01101011
00010111
00111001
10000000
01111111
10000000
11001110
01111111
10000000
11001010
10000000
01011001
10000000
01111111
10000000
00111110
01111111
01111111
10000000
01111111
01111111
01111111
11001001
10000000
01010011
01001001
01111111
01111111
01111111
01111111
01111111
11100101
10000000
10000000
10011010
10000000
00111001
01001000
01111111
10000000
10000000
01111111
10000000
10000000
01111111
00011111
01001100
01111111
01111111
01111111
10000000
01111111
11000010
10000000
01111111
10000000
10000000
01111111
01111111
01011000
10000000
01100001
10000000
01111111
10000000
10000000
10000000
01011010
01111111
10000000
10000000
01101000
01111111
10000000
01111111
01111111
10000000
10000000
01111111
10000000
01100111
10000000
10000000
00110011
01111111
01111111
10000000
01111111
10111100
00111010
00111010
11001110
10000000
01111111
01111000
00101010
10000000
11001110
11011111
10000000
01111111
01111111
10000000
10000000
10000000
10000000
01101110
01111111
10000000
01111111
01111111
01111111
10000000
10000000
01111111
10000000
00101111
01111111
10000000
10000101
10000000
10000000
01111111
01111111
10000000
10010100
10101100
10000000
10000000
01111111
01111111
10000000
01111111
01111111
10000000
01111111
10000000
01111111
01111111
10000000
10000000
11001010
10000000
11000000
00011010
01111111
01111111
10000000
11010100
11100100
10000000
10000000
01111111
10000000
10000000
01111111
10111001
01111111
10010111
00110010
01111111
10000000
10000000
10000000
01111111
10000000
10000000
10000000
01001000
01100111
00110101
01111111
01100101
01010011
10000000
01111111
10000000
01100001
01111111
10101111
10000000
10000110
01111111
10000000
01111111
01101001
01111111
10010100
01111111
10000000
10000000
01110110
10000000
01111111
01110010
01111111
10000000
01111111
01111111
10000000
01001110
01111111
10000000
00001010
01111111
10000000
10000000
10000000
01111111
10000000
00100000
01111111
01111111
10000000
11101010
00111101
10000000
01111111
01111111
01111111
00110101
10000000
10000000
10111010
01111110
10000000
10011110
10011110
01111111
01111111
01111111
10000000
10000000
01111111
01111111
10000000
01111111
01111111
01111111
10000000
11011001
01111111
10000000
10000000
10000000
01111111
01111111
10000000
00001100
01111010
10000000
00010000
10000000
10000000
01111111
00110110
00010101
10000000
01111111
10111000
11010111
10000000
01111111
10000000
00111111
10000000
01111111
10000000
00100011
01111111
00000001
00111010
01111111
10000000
01111111
01111111
10000000
11100111
10111110
01111111
01111111
10000000
10000000
01111111
10111101
01111111
10001000
01111111
10000000
01111111
01111111
10000000
10000000
00001101
10000000
11000101
10000000
00111101
01111111
01111111
01111111
10000000
10000000
10000000
10000000
10000000
01111111
10000000
10000000
01111111
11011001
10000000
01111111
10010010
01111111
01111111
01111111
01111111
00011110
10000000
10000000
01111111
01111111
01111111
01111111
01111111
01111111
10000000
10000000
10000000
01111111
01111111
01111111
10000000
10111100
01000011
01111111
10000000
01111111
01111111
10000000
01111111
10100110
10000000
10000000
01111111
01111111
01111111
10000000
01111111
01111111
01111111
10000000
00001001
10000000
01111111
11000011
10101110
00001011
00011101
01111111
10000000
10000000
10011101
01111111
11001010
01111111
10000000
01111111
01111111
11010001
10000000
01111111
01111111
10000000
01111111
10000000
01111111
00110111
01110101
10000000
10000000
01111111
10000000
01001101
10000000
10100010
01111111
10000000
01111111
10000000
01111111
01111111
10111110
10000000
11001001
10000000
10000000
10000000
01111111
01111000
01111111
10000000
10000000
01111111
10000000
11010000
01111111
10000000
00000111
11010101
01111111
01111111
10000000
01000010
10000000
01111111
10000000
10000000
01111111
11110000
01101101
10000000
10000000
10000000
11111111
01111111
01111111
10000000
01111101
10000000
10110111
01111111
10010100
01111111
01010011
10000000
10000000
10000000
10000000
01111111
10010000
01111111
01111111
01111111
01111111
10000000
10000000
01111111
10000000
10000000
10000000
10000000
01111111
10000000
01111111
10000000
01111111
11101110
01110110
01111111
01111111
01111111
10000000
01111111
10000000
01111111
01111111
00011111
10000000
01110001
11010011
01111111
10000000
01111111
01111111
01111111
10101100
01111111
10000000
10011110
00111111
10000000
01111111
01111111
10000000
10000000
01111111
01111111
01111111
01111111
01111111
11110010
10000000
01111111
10000000
01111111
00111000
10000000
10000000
01111111
10000000
01111111
01111111
10000000
01111111
10000000
01111111
00011101
11001100
00111010
01111111
11110011
10001001
10000000
01111111
01111111
10000000
01101111
01111111
10000000
10000000
00001111
01111111
01101011
10000000
01101010
01111111
10000000
10000000
10000000
10000000
01111111
01111111
10000000
10000000
01111000
01111111
10000000
00101110
01111111
10000000
01111111
01111000
10000000
00010100
10000000
01111111
01110011
10000000
01110001
10000000
01111111
11101100
10000000
01111111
10000000
10000000
10000000
01111111
10101101
10000000
01100100
01111111
10000000
01111111
10000000
10110010
10000000
00110001
01111111
10100011
10000000
01111111
10000000
01111111
01111111
01111111
10000000
01111111
10000000
10000000
00111101
01111111
01111111
10000000
10000000
10000000
01111111
01111111
01111111
10000000
01111111
10000000
10000000
10000000
01111111
01111111
01111111
10000000
01111111
01010010
01111111
10000000
10000000
10000000
01111111
01111111
10000000
10001110
10111100
11100110
10000000
10001101
10000000
00011111
01111111
01111111
01111111
00100110
10000000
01111111
01111111
10000000
10000000
01111111
01111111
10000000
11010000
10000000
01111111
10000000
01111111
10000000
10000000
01111111
00001100
01111111
10000000
10000000
10000000
10000110
01111111
01111111
10000000
10000000
10110111
01111111
10110011
10000000
10010111
10000000
01111111
01111111
00000010
10000000
11010011
10111110
01111111
11101000
01111101
00010010
10000000
11001001
01111111
11001001
10000000
01111111
10000000
01111111
11010011
10000000
01111111
10000000
01111111
10000000
10000000
01111111
10000000
10000000
01101101
01111111
10000000
10000000
10100101
10000000
10000000
01111111
01111111
10000000
01111111
01111111
10000000
10000000
10000000
10000000
10000000
01111111
10000011
10000000
10000000
01111111
10010010
00110010
01111111
10000000
01111111
10000000
10000000
10000000
01000111
10000000
01111111
01111111
01011110
10000000
01111111
10000000
01111111
01101111
11011101
10000000
01111111
10000000
01111111
10000000
10000000
10000000
01111111
10000000
11111011
10000000
01111111
11101010
10000000
01111111
10000000
01111111
10000000
10001110
01111111
10000000
01111111
01011001
10000000
00001000
10011011
10000000
11111011
10000000
10011100
01111111
11011100
10000000
01111111
00011101
10000000
00001100
10000000
01111111
10111101
01101111
11010011
10000000
11001101
10011100
10000000
01111111
10000000
01111111
01111111
01111111
10000000
01111111
10100100
10000000
01111111
01111111
10000000
10000000
01111111
01100011
10000000
10000000
10000000
01111111
10000000
01010100
11111001
11010101
11101110
01111111
10000000
10100011
01010001
10000000
01010100
10000000
01111111
10000000
01111111
01111111
00110000
10000000
01111111
01111111
10000000
01111111
10000000
01111111
11001101
00001001
01111111
10000000
01111111
00100000
10000000
01111111
10000000
01111111
01111111
01111111
10000000
01111111
10000000
01111111
01111111
01111111
11111011
10000000
10000000
10000000
01111111
01111111
01111111
10000000
10000000
01111111
10110010
11110010
01111111
10000000
00011110
10000000
00010111
11001110
01111111
01111111
01111111
11000111
01111111
10000011
10000000
01111111
10000000
01111111
01111111
10000000
01111111
10000000
01111110
01111111
00101110
10000000
01000100
00100010
01111111
10000000
01111111
10000000
10000000
01010011
10000000
01111111
01111110
10000000
10000000
01111111
01111111
10000000
10000000
01111111
10000000
01111111
01111111
01111111
10000000
10000000
10000000
01000010
01111111
01111111
11100000
01111111
01111111
10000000
01111111
01111111
10000000
01011010
10000000
11100110
